%% MATPOWER Case Format : Version 2
mpc.version = '2';

%%-----  Power Flow Data  -----%%
%% system MVA base
mpc.baseMVA = 100.0;
function mpc = case24
%% bus data
%    bus_i    type    Pd    Qd    Gs    Bs    area    Vm    Va    baseKV    zone    Vmax    Vmin
mpc.bus = [
	1	2	108.0	22.0	0.0	0.0	1	1.03116	-7.74931	138.0	1	1.05	0.95				
	2	2	97.0	20.0	0.0	0.0	1	1.02794	-7.723410000000001	138.0	1	1.05	0.95				
	3	1	180.0	37.0	0.0	0.0	1	1.01395	-9.95875	138.0	1	1.05	0.95				
	4	1	74.0	15.0	0.0	0.0	1	1.00903	-10.81131	138.0	1	1.05	0.95				
	5	1	71.0	14.000000000000002	0.0	0.0	1	1.02711	-10.74273	138.0	1	1.05	0.95				
	6	1	136.0	28.000000000000004	0.0	-100.0	2	1.0276	-13.28597	138.0	1	1.05	0.95				
	7	2	125.0	25.0	0.0	0.0	2	1.02956	-3.5916400000000004	138.0	1	1.05	0.95				
	8	1	171.0	35.0	0.0	0.0	2	1.00427	-9.50027	138.0	1	1.05	0.95				
	9	1	175.0	36.0	0.0	0.0	1	1.02698	-9.271950000000002	138.0	1	1.05	0.95				
	10	1	195.0	40.0	0.0	0.0	2	1.05	-10.62235	138.0	1	1.05	0.95				
	11	1	0.0	0.0	0.0	0.0	3	1.03273	-4.64818	230.0	1	1.05	0.95				
	12	1	0.0	0.0	0.0	0.0	3	1.02695	-3.52232	230.0	1	1.05	0.95				
	13	3	265.0	54.0	0.0	0.0	3	1.05	0.0	230.0	1	1.05	0.95				
	14	2	194.0	39.0	0.0	0.0	3	1.05	-3.71689	230.0	1	1.05	0.95				
	15	2	317.0	64.0	0.0	0.0	4	1.04479	1.17525	230.0	1	1.05	0.95				
	16	2	100.0	20.0	0.0	0.0	4	1.04951	1.27626	230.0	1	1.05	0.95				
	17	1	0.0	0.0	0.0	0.0	4	1.04984	4.77096	230.0	1	1.05	0.95				
	18	2	333.0	68.0	0.0	0.0	4	1.05	5.75937	230.0	1	1.05	0.95				
	19	1	181.0	37.0	0.0	0.0	3	1.04185	0.70319	230.0	1	1.05	0.95				
	20	1	128.0	26.0	0.0	0.0	3	1.04489	2.0619	230.0	1	1.05	0.95				
	21	2	0.0	0.0	0.0	0.0	4	1.05	6.19253	230.0	1	1.05	0.95				
	22	2	0.0	0.0	0.0	0.0	4	1.05	11.871	230.0	1	1.05	0.95				
	23	2	0.0	0.0	0.0	0.0	3	1.05	3.51051	230.0	1	1.05	0.95				
	24	1	0.0	0.0	0.0	0.0	4	1.01424	-2.85872	230.0	1	1.05	0.95				
];

%% generator data
%    bus    Pg    Qg    Qmax    Qmin    Vg    mBase    status    Pmax    Pmin    Pc1    Pc2    Qc1min    Qc1max    Qc2min    Qc2max    ramp_agc    ramp_10    ramp_30    ramp_q    apf
mpc.gen = [
	1	20.0	4.934	10.0	0.0	1.03116	100.0	1	20.0	16.0	0.0	0.0	0.0	0.0	0.0	0.0	0.0	0.0	0.0	0.0	0.0				
	1	20.0	4.934	10.0	0.0	1.03116	100.0	1	20.0	16.0	0.0	0.0	0.0	0.0	0.0	0.0	0.0	0.0	0.0	0.0	0.0				
	1	76.0	0.571	30.0	-25.0	1.03116	100.0	1	76.0	15.2	0.0	0.0	0.0	0.0	0.0	0.0	0.0	0.0	0.0	0.0	0.0				
	1	76.0	0.571	30.0	-25.0	1.03116	100.0	1	76.0	15.2	0.0	0.0	0.0	0.0	0.0	0.0	0.0	0.0	0.0	0.0	0.0				
	2	20.0	2.222	10.0	0.0	1.02794	100.0	1	20.0	16.0	0.0	0.0	0.0	0.0	0.0	0.0	0.0	0.0	0.0	0.0	0.0				
	2	20.0	2.222	10.0	0.0	1.02794	100.0	1	20.0	16.0	0.0	0.0	0.0	0.0	0.0	0.0	0.0	0.0	0.0	0.0	0.0				
	2	76.0	-21.307	30.0	-25.0	1.02794	100.0	1	76.0	15.2	0.0	0.0	0.0	0.0	0.0	0.0	0.0	0.0	0.0	0.0	0.0				
	2	76.0	-21.307	30.0	-25.0	1.02794	100.0	1	76.0	15.2	0.0	0.0	0.0	0.0	0.0	0.0	0.0	0.0	0.0	0.0	0.0				
	7	99.974	10.062	60.0	0.0	1.02956	100.0	1	100.0	25.0	0.0	0.0	0.0	0.0	0.0	0.0	0.0	0.0	0.0	0.0	0.0				
	7	99.974	10.062	60.0	0.0	1.02956	100.0	1	100.0	25.0	0.0	0.0	0.0	0.0	0.0	0.0	0.0	0.0	0.0	0.0	0.0				
	7	99.974	10.062	60.0	0.0	1.02956	100.0	1	100.0	25.0	0.0	0.0	0.0	0.0	0.0	0.0	0.0	0.0	0.0	0.0	0.0				
	13	173.258	34.475	80.0	0.0	1.05	100.0	1	197.0	69.0	0.0	0.0	0.0	0.0	0.0	0.0	0.0	0.0	0.0	0.0	0.0				
	13	173.258	34.475	80.0	0.0	1.05	100.0	1	197.0	69.0	0.0	0.0	0.0	0.0	0.0	0.0	0.0	0.0	0.0	0.0	0.0				
	13	173.258	34.475	80.0	0.0	1.05	100.0	1	197.0	69.0	0.0	0.0	0.0	0.0	0.0	0.0	0.0	0.0	0.0	0.0	0.0				
	14	0.0	110.354	200.0	-50.0	1.05	100.0	1	0.0	0.0	0.0	0.0	0.0	0.0	0.0	0.0	0.0	0.0	0.0	0.0	0.0				
	15	2.4	6.0	6.0	0.0	1.04479	100.0	1	12.0	2.4	0.0	0.0	0.0	0.0	0.0	0.0	0.0	0.0	0.0	0.0	0.0				
	15	2.4	6.0	6.0	0.0	1.04479	100.0	1	12.0	2.4	0.0	0.0	0.0	0.0	0.0	0.0	0.0	0.0	0.0	0.0	0.0				
	15	2.4	6.0	6.0	0.0	1.04479	100.0	1	12.0	2.4	0.0	0.0	0.0	0.0	0.0	0.0	0.0	0.0	0.0	0.0	0.0				
	15	2.4	6.0	6.0	0.0	1.04479	100.0	1	12.0	2.4	0.0	0.0	0.0	0.0	0.0	0.0	0.0	0.0	0.0	0.0	0.0				
	15	2.4	6.0	6.0	0.0	1.04479	100.0	1	12.0	2.4	0.0	0.0	0.0	0.0	0.0	0.0	0.0	0.0	0.0	0.0	0.0				
	15	54.29999999999999	80.0	80.0	-50.0	1.04479	100.0	1	155.0	54.29999999999999	0.0	0.0	0.0	0.0	0.0	0.0	0.0	0.0	0.0	0.0	0.0				
	16	155.0	80.0	80.0	-50.0	1.04951	100.0	1	155.0	54.29999999999999	0.0	0.0	0.0	0.0	0.0	0.0	0.0	0.0	0.0	0.0	0.0				
	18	400.0	54.665	200.0	-50.0	1.05	100.0	1	400.0	100.0	0.0	0.0	0.0	0.0	0.0	0.0	0.0	0.0	0.0	0.0	0.0				
	21	296.31	-15.579	200.0	-50.0	1.05	100.0	1	400.0	100.0	0.0	0.0	0.0	0.0	0.0	0.0	0.0	0.0	0.0	0.0	0.0				
	22	47.938	-6.795	16.0	-10.0	1.05	100.0	1	50.0	10.0	0.0	0.0	0.0	0.0	0.0	0.0	0.0	0.0	0.0	0.0	0.0				
	22	47.938	-6.795	16.0	-10.0	1.05	100.0	1	50.0	10.0	0.0	0.0	0.0	0.0	0.0	0.0	0.0	0.0	0.0	0.0	0.0				
	22	47.938	-6.795	16.0	-10.0	1.05	100.0	1	50.0	10.0	0.0	0.0	0.0	0.0	0.0	0.0	0.0	0.0	0.0	0.0	0.0				
	22	47.938	-6.795	16.0	-10.0	1.05	100.0	1	50.0	10.0	0.0	0.0	0.0	0.0	0.0	0.0	0.0	0.0	0.0	0.0	0.0				
	22	47.938	-6.795	16.0	-10.0	1.05	100.0	1	50.0	10.0	0.0	0.0	0.0	0.0	0.0	0.0	0.0	0.0	0.0	0.0	0.0				
	22	47.938	-6.795	16.0	-10.0	1.05	100.0	1	50.0	10.0	0.0	0.0	0.0	0.0	0.0	0.0	0.0	0.0	0.0	0.0	0.0				
	23	113.399	-9.984	80.0	-50.0	1.05	100.0	1	155.0	54.29999999999999	0.0	0.0	0.0	0.0	0.0	0.0	0.0	0.0	0.0	0.0	0.0				
	23	113.399	-9.984	80.0	-50.0	1.05	100.0	1	155.0	54.29999999999999	0.0	0.0	0.0	0.0	0.0	0.0	0.0	0.0	0.0	0.0	0.0				
	23	248.289	21.208	150.0	-25.0	1.05	100.0	1	350.0	140.0	0.0	0.0	0.0	0.0	0.0	0.0	0.0	0.0	0.0	0.0	0.0				
];

%% branch data
%    fbus    tbus    r    x    b    rateA    rateB    rateC    ratio    angle    status    angmin    angmax
